1  0.02
3  0.02
5  0.02
7  0.02
9  0.02
11  0.0231873
13  0.0215462
15  0.02996298
17  0.02843755
19  0.02696993
21  0.02556011
23  0.02420809
25  0.02291388
27  0.02167748
29  0.020498881
31  -0.02062191
33  -0.0216849
35  -0.02269009
37  -0.02363746
39  -0.02452704
41  -0.02535881
43  -0.02613277
45  -0.02684893
47  -0.02750728
49  -0.02810783
51  -0.02865058
53  -0.02913552
55  -0.02956265
57  -0.02993198
59  -0.0202435
61  -0.0204972
63  -0.0206931
65  -0.0208312
67  -0.0209116
69  -0.0209341
71  -0.0208987
73  -0.0208056
75  -0.0206547
77  -0.020446
79  -0.0201795
81  -0.02985514
83  -0.02947301
85  -0.02903307
87  -0.02853532
89  -0.02797977
91  -0.02736642
93  -0.02669526
95  -0.02596629
97  -0.02517952
99  -0.02433495
101  -0.02303687
103  -0.02252099
105  -0.02202085
107  -0.02153614
109  -0.02106655
111  -0.020611794
113  -0.020171566
115  0.020254429
117  0.020666483
119  0.02106489
121  0.02144992
123  0.02182188
125  0.02218104
127  0.02252767
129  0.02286205
131  0.02318445
133  0.02349513
135  0.02379437
137  0.02408241
139  0.02435951
141  0.02462593
143  0.02488191
145  0.0251277
147  0.02536353
149  0.02558964
151  0.02580626
153  0.02601363
155  0.02621195
157  0.02640145
159  0.02658234
161  0.02675483
163  0.02691913
165  0.02707544
167  0.02722396
169  0.02736486
171  0.02749835
173  0.02762461
175  0.0277438
177  0.02785611
179  0.0279617
181  0.02806074
183  0.02815338
185  0.02823977
187  0.02832008
189  0.02839444
191  0.02846298
193  0.02852586
195  0.02858319
197  0.0286351
199  0.02868172
201  0.02872316
203  0.02875952
205  0.02879093
207  0.02881748
209  0.02883926
211  0.02885637
213  0.02886891
215  0.02887695
217  0.02888057
219  0.02887985
221  0.02887487
223  0.02886568
225  0.02885235
227  0.02883494
229  0.02881351
231  0.0287881
233  0.02875876
235  0.02872553
237  0.02868846
239  0.02864757
241  0.0286029
243  0.02855448
245  0.02850234
247  0.02844648
249  0.02838694
251  0.02832373
253  0.02825685
255  0.02818633
257  0.02811216
259  0.02803434
261  0.02795289
263  0.02786779
265  0.02777905
267  0.02768665
269  0.0275906
271  0.02749088
273  0.02738748
275  0.02728038
277  0.02716957
279  0.02705504
281  0.02693677
283  0.02681474
285  0.02668894
287  0.02655933
289  0.02642591
291  0.02628864
293  0.02614752
295  0.02600252
297  0.02585361
299  0.02570079
301  0.02554402
303  0.0253833
305  0.0252186
307  0.0250499
309  0.02487719
311  0.02470047
313  0.0245197
315  0.02433489
317  0.02414602
319  0.0239531
321  0.02375611
323  0.02355505
325  0.02334994
327  0.02314077
329  0.02292755
331  0.0227103
333  0.02248903
335  0.02226376
337  0.02203453
339  0.02180135
341  0.02156427
343  0.02132332
345  0.02107855
347  0.020830007
349  0.020577753
351  0.020321848
353  6.2362e-05
355  -0.02020063
357  -0.020467045
359  -0.020736794
361  -0.02100978
363  -0.02128589
365  -0.02156503
367  -0.02184706
369  -0.02213186
371  -0.02241929
373  -0.02270921
375  -0.02300145
377  -0.02329585
379  -0.02359223
381  -0.02389042
383  -0.0241902
385  -0.02449138
387  -0.02479374
389  -0.02509704
391  -0.02540106
393  -0.02570552
395  -0.02601017
397  -0.02631474
399  -0.02661893
401  -0.02692243
403  -0.02722494
405  -0.02752612
407  -0.02782563
409  -0.02812312
411  -0.02841819
413  -0.02871049
415  -0.02899958
417  -0.02928508
419  -0.02956653
421  -0.02984348
423  -0.0201155
425  -0.020382
427  -0.0206427
429  -0.0208968
431  -0.021144
433  -0.0213837
435  -0.0216152
437  -0.0218381
439  -0.0220516
441  -0.0222552
443  -0.0224483
445  -0.0226301
447  -0.0228
449  -0.0229573
451  -0.0231012
453  -0.023231
455  -0.023346
457  -0.0234454
459  -0.0235282
461  -0.0235939
463  -0.0236413
465  -0.0236698
467  -0.0236783
469  -0.0236661
471  -0.023632
473  -0.0235753
475  -0.0234947
477  -0.0233895
479  -0.0232584
481  -0.0231006
483  -0.0229147
485  -0.0226999
487  -0.0224548
489  -0.0221784
491  -0.0218694
493  -0.0215267
495  -0.021149
497  -0.020735
499  -0.0202834
501  -0.02802497
503  -0.02781628
505  -0.02763187
507  -0.02747175
509  -0.02733591
511  -0.02722436
513  -0.0271371
515  -0.02707412
517  -0.02703543
519  -0.02702102
521  -0.0270309
523  -0.02706506
525  -0.02712351
527  -0.02720624
529  -0.02731326
531  -0.02744456
533  -0.02760015
535  -0.02778003
537  -0.02798419
539  -0.02821263
541  -0.02846536
543  -0.02874238
545  -0.02904368
547  -0.02936927
549  -0.02971914
551  -0.0200933
553  -0.0204917
555  -0.0209145
557  -0.0213615
559  -0.0218328
561  -0.0223284
563  -0.0228482
565  -0.0233924
567  -0.0239608
569  -0.0245536
571  -0.0251706
573  -0.0258119
575  -0.0264774
577  -0.0271673
579  -0.0278815
581  -0.0286199
583  -0.0293826
585  -0.0201696
587  -0.0209809
589  -0.0218165
591  -0.0226764
593  -0.0235605
595  -0.024469
597  -0.0254017
599  -0.0263587
601  0.025
603  0.025
605  0.025
607  0.025
609  0.025
611  0.025
613  0.025
615  0.025
617  0.025
619  0.025
621  0.025
623  0.025
625  0.025
627  0.025
629  0.025
631  0.025
633  0.025
635  0.025
637  0.025
639  0.025
641  0.025
643  0.025
645  0.025
647  0.025
649  0.025
651  0.025
653  0.025
655  0.025
657  0.025
659  0.025
661  0.025
663  0.025
665  0.025
667  0.025
669  0.025
671  0.025
673  0.025
675  0.025
677  0.025
679  0.025
681  0.025
683  0.025
685  0.025
687  0.025
689  0.025
691  0.025
693  0.025
695  0.025
697  0.025
699  0.025
701  0.025
703  0.025
705  0.025
707  0.025
709  0.025
711  0.025
713  0.025
715  0.025
717  0.025
719  0.025
721  0.025
723  0.025
725  0.025
727  0.025
729  0.025
731  0.025
733  0.025
735  0.025
737  0.025
739  0.025
741  0.025
743  0.025
745  0.025
747  0.025
749  0.025
